#index, bin x0, bin y0, bin x1, bin y1, lambda hkl val, lambda hkl err, d value, d err, strain, strain error
0, 254, 204, 204, 214, 2.607478456517771, 0.0008378540754286117, 1.3037392282588856, 0.00041892703771430584, 0.033893123123620666, 1.123361490128098
1, 254, 214, 214, 224, 2.6168299885669355, 0.001305020809714002, 1.3084149942834677, 0.000652510404857001, 0.037601105696643815, 1.1235950734952405
2, 254, 224, 224, 234, 2.6039835429256866, 0.0016405836241407741, 1.3019917714628433, 0.0008202918120703871, 0.03250735246855146, 1.1237628549024539
3, 254, 234, 234, 244, 2.612601694367308, 0.005498276400147067, 1.306300847183654, 0.0027491382000735336, 0.03592454177926568, 1.125691701290457
4, 254, 244, 244, 254, 2.607202149674128, 0.0010654822395228674, 1.303601074837064, 0.0005327411197614337, 0.0337835645020333, 1.123475304210145
5, 254, 254, 254, 264, 2.6066962889515346, 0.0010283839300929967, 1.3033481444757673, 0.0005141919650464983, 0.03358298530988692, 1.12345675505543
6, 254, 264, 264, 274, 2.6059884879445065, 0.0009600178355567949, 1.3029942439722533, 0.00048000891777839747, 0.03330233463303202, 1.1234225720081619
7, 254, 274, 274, 284, 2.611137616019202, 0.0007839995979197059, 1.305568808009601, 0.00039199979895985295, 0.035344019040127815, 1.1233345628893434
8, 254, 284, 284, 294, 2.6095457524641317, 0.001119795123587612, 1.3047728762320658, 0.000559897561793806, 0.034712828098386946, 1.1235024606521773
9, 254, 294, 294, 304, 2.5987307192718125, 0.0014734720346705752, 1.2993653596359063, 0.0007367360173352876, 0.03042455165416842, 1.123679299107719
10, 264, 204, 204, 214, 2.611650029008035, 0.007426637476695352, 1.3058250145040176, 0.003713318738347676, 0.03554719627598546, 1.126655881828731
11, 264, 214, 214, 224, 2.611436410149719, 0.003006314081138111, 1.3057182050748595, 0.0015031570405690555, 0.035462494111704664, 1.1244457201309526
12, 264, 224, 224, 234, 2.6098836459524395, 0.0008045896144760965, 1.3049418229762197, 0.00040229480723804825, 0.03484680648391741, 1.1233448578976215
13, 264, 234, 234, 244, 2.6114153887987555, 0.0007316906402256481, 1.3057076943993777, 0.00036584532011282406, 0.035454158920997486, 1.1233084084104963
14, 264, 244, 244, 254, 2.6168529206142166, 0.003867710172389137, 1.3084264603071083, 0.0019338550861945686, 0.037610198498896436, 1.124876418176578
15, 264, 254, 254, 264, 2.6076935087905206, 0.0007675263091828998, 1.3038467543952603, 0.0003837631545914499, 0.03397839365207012, 1.123326326244975
16, 264, 264, 264, 274, 2.5888389722792526, 0.0019890221485768496, 1.2944194861396263, 0.0009945110742884248, 0.026502368072661715, 1.123937074164672
17, 264, 274, 274, 284, 2.611211800464976, 0.0014664776419695171, 1.305605900232488, 0.0007332388209847586, 0.03537343396708019, 1.1236758019113684
18, 264, 284, 284, 294, 2.6119530678426646, 0.00914894044747182, 1.3059765339213323, 0.00457447022373591, 0.03566735441818587, 1.1275170333141193
19, 264, 294, 294, 304, 2.606703346925736, 0.0010269520304471223, 1.303351673462868, 0.0005134760152235611, 0.033585783872219006, 1.1234560391056072
20, 274, 204, 204, 214, 2.610029336064325, 0.0008544372985112284, 1.3050146680321626, 0.0004272186492556142, 0.03490457417300769, 1.123369781739639
21, 274, 214, 214, 224, 2.610749373167176, 0.0018664245078570119, 1.305374686583588, 0.0009332122539285059, 0.035190076592853385, 1.123875775344312
22, 274, 224, 224, 234, 2.608912054032991, 0.0010181698632876527, 1.3044560270164955, 0.0005090849316438264, 0.03446155988619798, 1.1234516480220273
23, 274, 234, 234, 244, 2.6092116620395447, 0.0010296598224113062, 1.3046058310197723, 0.0005148299112056531, 0.0345803576683366, 1.1234573930015892
24, 274, 244, 244, 254, 2.6077256308359518, 0.0007739521135380863, 1.3038628154179759, 0.00038697605676904316, 0.033991130386975404, 1.1233295391471525
25, 274, 254, 254, 264, 2.600164753308214, 0.0012970426291474596, 1.300082376654107, 0.0006485213145737298, 0.03099316150206747, 1.1235910844049573
26, 274, 264, 264, 274, 2.609349806643059, 0.0012904523587843162, 1.3046749033215295, 0.0006452261793921581, 0.03463513348257698, 1.1235877892697756
27, 274, 274, 274, 284, 2.6110138740422864, 0.001057269090544913, 1.3055069370211432, 0.0005286345452724565, 0.0352949540215252, 1.123471197635656
28, 274, 284, 284, 294, 2.6076427201244026, 0.00092256230980631, 1.3038213600622013, 0.000461281154903155, 0.03395825540222156, 1.1234038442452867
29, 274, 294, 294, 304, 2.611360752297059, 0.001596717144589998, 1.3056803761485296, 0.000798358572294999, 0.03543249496314807, 1.1237409216626786
30, 284, 204, 204, 214, 2.615733517417064, 0.00877511172954355, 1.307866758708532, 0.004387555864771775, 0.03716634314713091, 1.1273301189551552
31, 284, 214, 214, 224, 2.6071670850754045, 0.001173254707279819, 1.3035835425377023, 0.0005866273536399095, 0.03376966101324533, 1.1235291904440234
32, 284, 224, 224, 234, 2.6074459340223552, 0.0013931510040612457, 1.3037229670111776, 0.0006965755020306229, 0.033880227606009304, 1.1236391385924143
33, 284, 234, 234, 244, 2.6105093009276383, 0.0009484494534575562, 1.3052546504638192, 0.0004742247267287781, 0.03509488537971393, 1.1234167878171124
34, 284, 244, 244, 254, 2.619418006271519, 0.0018338049186162363, 1.3097090031357594, 0.0009169024593081182, 0.03862728242328275, 1.1238594655496916
35, 284, 254, 254, 264, 2.6098694697703873, 0.0010546893753045619, 1.3049347348851936, 0.0005273446876522809, 0.03484118547596648, 1.123469907778036
36, 284, 264, 264, 274, 2.6115259161312316, 0.0006570888460941366, 1.3057629580656158, 0.0003285444230470683, 0.0354979841916066, 1.1232711075134305
37, 284, 274, 274, 284, 2.60448051688681, 0.001228060886949616, 1.302240258443405, 0.000614030443474808, 0.032704407964635265, 1.1235565935338583
38, 284, 284, 284, 294, 2.614284121639192, 0.006897922107360328, 1.307142060819596, 0.003448961053680164, 0.03659164220427927, 1.1263915241440636
39, 284, 294, 294, 304, 2.609262723818886, 0.0009087451595459118, 1.304631361909443, 0.0004543725797729559, 0.03460060421050203, 1.1233969356701565
40, 294, 204, 204, 214, 2.620382779732878, 0.00080228475500467, 1.310191389866439, 0.000401142377502335, 0.03900982542937281, 1.1233437054678859
41, 294, 214, 214, 224, 2.6014525887472884, 0.0011903201082502396, 1.3007262943736442, 0.0005951600541251198, 0.03150380204095502, 1.1235377231445087
42, 294, 224, 224, 234, 2.6057958601750197, 0.0010848905026317952, 1.3028979300875099, 0.0005424452513158976, 0.03322595566019824, 1.1234850083416994
43, 294, 234, 234, 244, 2.6118037756243506, 0.0008521114044452042, 1.3059018878121753, 0.0004260557022226021, 0.0356081584553334, 1.1233686187926062
44, 294, 244, 244, 254, 2.6122111868036515, 0.0009938587289569129, 1.3061055934018257, 0.0004969293644784564, 0.03576970134958434, 1.123439492454862
45, 294, 254, 254, 264, 2.6037686148295918, 0.0009814221269262523, 1.3018843074147959, 0.0004907110634631262, 0.03242213117747501, 1.1234332741538466
46, 294, 264, 264, 274, 2.608036133796696, 0.0007532212850723795, 1.304018066898348, 0.00037661064253618977, 0.034114248135089766, 1.1233191737329198
47, 294, 274, 274, 284, 2.6080140994520105, 0.0008319122383605133, 1.3040070497260052, 0.00041595611918025663, 0.034105511281526835, 1.1233585192095639
48, 294, 284, 284, 294, 2.611186584407988, 0.002898302040922934, 1.305593292203994, 0.001449151020461467, 0.035363435530526566, 1.124391714110845
49, 294, 294, 294, 304, 2.612215111081279, 0.00430991540905309, 1.3061075555406394, 0.002154957704526545, 0.03577125736767605, 1.12509752079491
50, 304, 204, 204, 214, 2.613975180624035, 0.0087067869773828, 1.3069875903120176, 0.0043533934886914, 0.03646914378431222, 1.127295956579075
51, 304, 214, 214, 224, 2.6006952767875355, 0.0013343076862734127, 1.3003476383937678, 0.0006671538431367064, 0.031203519741290937, 1.1236097169335202
52, 304, 224, 224, 234, 2.609725552600919, 0.002102196617126845, 1.3048627763004594, 0.0010510983085634225, 0.03478412077752541, 1.123993661398947
53, 304, 234, 234, 244, 2.6063129744799642, 0.001217013782725842, 1.3031564872399821, 0.000608506891362921, 0.0334309970182254, 1.1235510699817464
54, 304, 244, 244, 254, 2.6073924681400262, 0.0008629058312733317, 1.3036962340700131, 0.00043145291563666586, 0.03385902781127139, 1.1233740160060202
55, 304, 254, 254, 264, 2.618403554458983, 0.0010915495524478312, 1.3092017772294915, 0.0005457747762239156, 0.038225041419105155, 1.1234883378666074
56, 304, 264, 264, 274, 2.607844745211568, 0.0011219437345741327, 1.303922372605784, 0.0005609718672870663, 0.03403836051212065, 1.1235035349576705
57, 304, 274, 274, 284, 2.6078666228754646, 0.00079053625889567, 1.3039333114377323, 0.000395268129447835, 0.03404703524007326, 1.1233378312198314
58, 304, 284, 284, 294, 2.611673008416713, 0.002981321527237971, 1.3058365042083564, 0.0014906607636189855, 0.03555630785753886, 1.1244332238540025
59, 304, 294, 294, 304, 2.618757233977951, 0.0008722391698930324, 1.3093786169889754, 0.0004361195849465162, 0.03836527913479421, 1.12337868267533
60, 314, 204, 204, 214, 2.6161215827193023, 0.003108486706033775, 1.3080607913596511, 0.0015542433530168875, 0.03732021519401368, 1.1244968064434004
61, 314, 214, 214, 224, 2.5604060801548516, 0.0035174155605606832, 1.2802030400774258, 0.0017587077802803416, 0.01522842194879136, 1.1247012708706638
62, 314, 224, 224, 234, 2.6055086752595633, 0.0010900264397910257, 1.3027543376297817, 0.0005450132198955128, 0.03311208376667864, 1.123487576310279
63, 314, 234, 234, 244, 2.6110456482525177, 0.0009873249590772882, 1.3055228241262589, 0.0004936624795386441, 0.03530755283604994, 1.1234362255699222
64, 314, 244, 244, 254, 2.609235962705523, 0.0008388496265460104, 1.3046179813527614, 0.0004194248132730052, 0.03458999314255473, 1.1233619879036565
65, 314, 254, 254, 264, 2.617418361289565, 0.0007447209210355039, 1.3087091806447826, 0.00037236046051775194, 0.03783440178016074, 1.1233149235509012
66, 314, 264, 264, 274, 2.612159135845355, 0.00678894759008328, 1.3060795679226775, 0.00339447379504164, 0.03574906258737323, 1.126337036885425
67, 314, 274, 274, 284, 2.609727437601151, 0.0015812151201805395, 1.3048637188005754, 0.0007906075600902698, 0.034784868200297775, 1.1237331706504738
68, 314, 284, 284, 294, 2.608340877623374, 0.002425602365182869, 1.304170438811687, 0.0012128011825914345, 0.03423508232489068, 1.124155364272975
69, 314, 294, 294, 304, 2.610089839866048, 0.0014819174061847275, 1.305044919933024, 0.0007409587030923637, 0.03492856457813178, 1.123683521793476
70, 324, 204, 204, 214, 2.61285121131994, 0.0038510188207617883, 1.30642560565997, 0.0019255094103808941, 0.036023477922260114, 1.1248680725007645
71, 324, 214, 214, 224, 2.6141318083375014, 0.009111069016034477, 1.3070659041687507, 0.0045555345080172385, 0.03653124834952481, 1.1274980975984008
72, 324, 224, 224, 234, 2.6076165277234016, 0.0009072449332089189, 1.3038082638617008, 0.00045362246660445943, 0.03394786983481435, 1.123396185556988
73, 324, 234, 234, 244, 2.6087475652293683, 0.0009336163140423924, 1.3043737826146842, 0.0004668081570211962, 0.034396338314579125, 1.1234093712474047
74, 324, 244, 244, 254, 2.606772022235263, 0.0014448308141125545, 1.3033860111176314, 0.0007224154070562773, 0.033613014367669725, 1.1236649784974397
75, 324, 254, 254, 264, 2.606637761729965, 0.0009696060232723702, 1.3033188808649825, 0.0004848030116361851, 0.03355977863995448, 1.1234273661020198
76, 324, 264, 264, 274, 2.6064636990164667, 0.001030330439891995, 1.3032318495082333, 0.0005151652199459976, 0.03349076091057371, 1.1234577283103295
77, 324, 274, 274, 284, 2.6114847878272047, 0.000799654261935635, 1.3057423939136024, 0.0003998271309678175, 0.03548167637874898, 1.1233423902213513
78, 324, 284, 284, 294, 2.612103237673513, 0.0005564639165053131, 1.3060516188367566, 0.00027823195825265657, 0.03572689836380387, 1.1232207950486361
79, 324, 294, 294, 304, 2.614343022845332, 0.0068284880611161804, 1.307171511422666, 0.0034142440305580902, 0.036614997163097684, 1.1263568071209415
80, 334, 204, 204, 214, 2.6083618604454886, 0.0012268922096854756, 1.3041809302227443, 0.0006134461048427378, 0.03424340223849674, 1.1235560091952264
81, 334, 214, 214, 224, 2.616697477016094, 0.00522165858978362, 1.308348738508047, 0.00261082929489181, 0.03754856344809446, 1.1255533923852754
82, 334, 224, 224, 234, 2.6135265941130394, 0.0011768122304995454, 1.3067632970565197, 0.0005884061152497727, 0.03629127443022984, 1.1235309692056332
83, 334, 234, 234, 244, 2.6131448736959304, 0.006547120576011745, 1.3065724368479652, 0.0032735602880058726, 0.03613991819822784, 1.1262161233783894
84, 334, 244, 244, 254, 2.61145666994463, 0.0009348639077136182, 1.305728334972315, 0.0004674319538568091, 0.03547052733728398, 1.1234099950442404
85, 334, 254, 254, 264, 2.6046064272347835, 0.0011093553817780862, 1.3023032136173918, 0.0005546776908890431, 0.03275433276557642, 1.1234972407812727
86, 334, 264, 264, 274, 2.613936839416094, 0.0010860847622225593, 1.306968419708047, 0.0005430423811112797, 0.03645394108489056, 1.1234856054714948
87, 334, 274, 274, 284, 2.6008791355131664, 0.0012346458233653502, 1.3004395677565832, 0.0006173229116826751, 0.031276421694356314, 1.1235598860020661
88, 334, 284, 284, 294, 2.609377899155662, 0.0007604797541404938, 1.304688949577831, 0.0003802398770702469, 0.03464627246457669, 1.1233228029674538
89, 334, 294, 294, 304, 2.6148577050085957, 0.0067440113309885155, 1.3074288525042979, 0.0033720056654942578, 0.03681907415091036, 1.1263145687558778
90, 344, 204, 204, 214, 2.6100319170085005, 0.0008637980307824415, 1.3050159585042502, 0.00043189901539122076, 0.03490559754500423, 1.1233744621057749
91, 344, 214, 214, 224, 2.616864474837672, 0.0073220327682645735, 1.308432237418836, 0.0036610163841322868, 0.037614779872193554, 1.1266035794745157
92, 344, 224, 224, 234, 2.608001177197319, 0.0009130474160988416, 1.3040005885986594, 0.0004565237080494208, 0.03410038746919867, 1.123399086798433
93, 344, 234, 234, 244, 2.613663526391146, 0.0027670810189116962, 1.306831763195573, 0.0013835405094558481, 0.0363455695444672, 1.1243261035998393
94, 344, 244, 244, 254, 2.5847154173000098, 0.0021150063408580705, 1.2923577086500049, 0.0010575031704290353, 0.02486733437748214, 1.1240000662608125
95, 344, 254, 254, 264, 2.6164736923676193, 0.0006695467939053128, 1.3082368461838096, 0.0003347733969526564, 0.03745983043918299, 1.1232773364873363
96, 344, 264, 264, 274, 2.6106459861615563, 0.001066551526379213, 1.3053229930807781, 0.0005332757631896065, 0.03514908253828569, 1.123475838853573
97, 344, 274, 274, 284, 2.5757402700560843, 0.002565462921099139, 1.2878701350280422, 0.0012827314605495695, 0.02130859240923256, 1.124225294550933
98, 344, 284, 284, 294, 2.609781213759192, 0.0008179864298454385, 1.304890606879596, 0.00040899321492271924, 0.03480619102267733, 1.1233515563053063
99, 344, 294, 294, 304, 2.6110831369478618, 0.0013699536244488914, 1.3055415684739309, 0.0006849768122244457, 0.03532241750509991, 1.1236275399026079
