#Marche Dollase Result of Fitting
#Using advanced fitting mode: False
#-> row 0: x0: 285, y0:131, width:171, height:171, d_spacing:None, sigma:None, alpha:None, a1:None, a2:None
#
#image index, TOF(micros), Lambda(Angstroms), row 0
410, 4535.68, 0.033582711851061944, 0.23126910000000003
411, 4545.92, 0.033613873226650486, 0.23051521
412, 4556.16, 0.03364503460223901, 0.23028523
413, 4566.4, 0.033676195977827554, 0.23107103
414, 4576.64, 0.03370735735341608, 0.23115560000000002
415, 4586.88, 0.033738518729004616, 0.23028784
416, 4597.12, 0.03376968010459315, 0.23094210000000004
417, 4607.36, 0.033800841480181684, 0.2316235
418, 4617.6, 0.03383200285577022, 0.23071074
419, 4627.84, 0.03386316423135875, 0.23070863
420, 4638.08, 0.033894325606947294, 0.23025547
421, 4648.32, 0.03392548698253582, 0.23015583
422, 4658.56, 0.03395664835812436, 0.23045245
423, 4668.8, 0.03398780973371289, 0.23025031
424, 4679.04, 0.034018971109301424, 0.23026799
425, 4689.28, 0.034050132484889965, 0.2299133
426, 4699.52, 0.0340812938604785, 0.2295979
427, 4709.76, 0.034112455236067034, 0.23032926
428, 4720.0, 0.03414361661165557, 0.2293303
429, 4730.24, 0.03417477798724409, 0.23010217
430, 4740.480000000001, 0.03420593936283263, 0.22877952
431, 4750.72, 0.034237100738421164, 0.22908506
432, 4760.96, 0.0342682621140097, 0.22879268
433, 4771.2, 0.034299423489598226, 0.22946018
434, 4781.44, 0.03433058486518677, 0.2295564
435, 4791.68, 0.0343617462407753, 0.22839539999999997
436, 4801.92, 0.034392907616363835, 0.22888647
437, 4812.16, 0.03442406899195237, 0.22894837
438, 4822.4000000000015, 0.034455230367540904, 0.22943869
439, 4832.64, 0.03448639174312944, 0.22835395
440, 4842.88, 0.034517553118717965, 0.22872958
441, 4853.12, 0.034548714494306514, 0.22889134
442, 4863.36, 0.03457987586989504, 0.22867744
443, 4873.5999999999985, 0.034611037245483575, 0.2277721
444, 4883.84, 0.03464219862107211, 0.22807552
445, 4894.08, 0.034673359996660644, 0.22814299
446, 4904.3200000000015, 0.03470452137224917, 0.22781801
447, 4914.56, 0.03473568274783771, 0.22847836
448, 4924.8, 0.03476684412342624, 0.22784048
449, 4935.04, 0.03479800549901478, 0.2268819
450, 4945.28, 0.034829166874603315, 0.22672644
451, 4955.52, 0.03486032825019185, 0.227154
452, 4965.759999999998, 0.034891489625780384, 0.22688562
453, 4976.0, 0.03492265100136892, 0.22701020000000002
454, 4986.240000000002, 0.034953812376957445, 0.22706723
455, 4996.480000000001, 0.03498497375254598, 0.22645965
456, 5006.72, 0.03501613512813452, 0.22670855
457, 5016.96, 0.03504729650372305, 0.22587165
458, 5027.2, 0.03507845787931158, 0.22670163
459, 5037.44, 0.03510961925490012, 0.226104
460, 5047.6799999999985, 0.035140780630488665, 0.22504528
461, 5057.919999999999, 0.03517194200607718, 0.22721341
462, 5068.160000000002, 0.035203103381665726, 0.22482218
463, 5078.4000000000015, 0.03523426475725425, 0.2253442
464, 5088.64, 0.035265426132842795, 0.22460562
465, 5098.88, 0.03529658750843132, 0.22463746
466, 5109.12, 0.03532774888401986, 0.2256199
467, 5119.36, 0.03535891025960839, 0.22461998
468, 5129.5999999999985, 0.03539007163519693, 0.22468169
469, 5139.839999999998, 0.03542123301078546, 0.22510967
470, 5150.08, 0.035452394386373993, 0.22410811
471, 5160.3200000000015, 0.035483555761962535, 0.22368464
472, 5170.56, 0.03551471713755107, 0.22495477
473, 5180.8, 0.0355458785131396, 0.2238721
474, 5191.04, 0.03557703988872813, 0.2240087
475, 5201.28, 0.035608201264316665, 0.22387584
476, 5211.52, 0.0356393626399052, 0.22349386
477, 5221.76, 0.03567052401549373, 0.22340104
478, 5232.0, 0.03570168539108227, 0.22416908
479, 5242.24, 0.0357328467666708, 0.2226661
480, 5252.480000000001, 0.035764008142259336, 0.2230677
481, 5262.72, 0.035795169517847884, 0.22284971
482, 5272.96, 0.035826330893436405, 0.22280405
483, 5283.2, 0.03585749226902494, 0.22156479999999998
484, 5293.44, 0.035888653644613466, 0.22113405
485, 5303.68, 0.035919815020202014, 0.2212109
486, 5313.92, 0.035950976395790535, 0.22150949999999997
487, 5324.16, 0.03598213777137908, 0.22152653
488, 5334.4000000000015, 0.03601329914696761, 0.22088929
489, 5344.64, 0.03604446052255615, 0.22087799
490, 5354.88, 0.03607562189814468, 0.22014444
491, 5365.12, 0.03610678327373321, 0.22047275
492, 5375.36, 0.03613794464932175, 0.22040878
493, 5385.6, 0.03616910602491028, 0.22008751
494, 5395.84, 0.036200267400498816, 0.21840732
495, 5406.08, 0.03623142877608735, 0.21933892
496, 5416.32, 0.036262590151675884, 0.21891839999999999
497, 5426.56, 0.03629375152726441, 0.21797031
498, 5436.8, 0.03632491290285295, 0.21902223
499, 5447.04, 0.03635607427844149, 0.21728955
500, 5457.28, 0.03638723565403003, 0.21811606
501, 5467.52, 0.03641839702961856, 0.21762404
502, 5477.76, 0.03644955840520709, 0.21705115
503, 5488.0, 0.03648071978079562, 0.21700227
504, 5498.24, 0.036511881156384166, 0.21635461
505, 5508.48, 0.036543042531972686, 0.2161386
506, 5518.72, 0.036574203907561234, 0.21635045
507, 5528.96, 0.03660536528314976, 0.21448146
508, 5539.2, 0.03663652665873829, 0.21532224
509, 5549.440000000001, 0.03666768803432683, 0.21473804
510, 5559.68, 0.036698849409915364, 0.21348670000000003
511, 5569.92, 0.036730010785503885, 0.21403812
512, 5580.16, 0.03676117216109243, 0.21446639999999997
513, 5590.4, 0.03679233353668096, 0.21347038
514, 5600.6399999999985, 0.03682349491226949, 0.212758
515, 5610.88, 0.036854656287858036, 0.21289977
516, 5621.12, 0.03688581766344656, 0.2126806
517, 5631.3600000000015, 0.036916979039035104, 0.21258871
518, 5641.6, 0.03694814041462362, 0.21104959
519, 5651.84, 0.036979301790212166, 0.21157816
520, 5662.08, 0.0370104631658007, 0.21059538
521, 5672.32, 0.037041624541389234, 0.21012369
522, 5682.56, 0.03707278591697777, 0.21022893
523, 5692.799999999998, 0.0371039472925663, 0.20865443
524, 5703.04, 0.03713510866815485, 0.20867653
525, 5713.280000000002, 0.03716627004374337, 0.20848815
526, 5723.52, 0.03719743141933191, 0.20812923
527, 5733.76, 0.03722859279492045, 0.20800509
528, 5744.0, 0.037259754170508974, 0.20752946
529, 5754.24, 0.037290915546097515, 0.20664972
530, 5764.48, 0.037322076921686036, 0.20693244
531, 5774.719999999998, 0.037353238297274584, 0.20555754
532, 5784.96, 0.03738439967286311, 0.20557378
533, 5795.200000000002, 0.03741556104845165, 0.20478219
534, 5805.440000000001, 0.03744672242404018, 0.20486327
535, 5815.68, 0.037477883799628714, 0.2052215
536, 5825.92, 0.037509045175217255, 0.20546479999999998
537, 5836.16, 0.03754020655080578, 0.20528595
538, 5846.4, 0.03757136792639432, 0.2088004
539, 5856.6399999999985, 0.03760252930198285, 0.21159357
540, 5866.88, 0.03763369067757138, 0.21430147
541, 5877.12, 0.03766485205315991, 0.21754958
542, 5887.3600000000015, 0.03769601342874845, 0.21874955
543, 5897.6, 0.03772717480433699, 0.21972889
544, 5907.84, 0.037758336179925515, 0.21996555
545, 5918.08, 0.037789497555514064, 0.22064129
546, 5928.32, 0.03782065893110259, 0.22138536
547, 5938.56, 0.03785182030669112, 0.22179778
548, 5948.8, 0.03788298168227966, 0.22166906
549, 5959.04, 0.037914143057868194, 0.22092685
550, 5969.280000000002, 0.03794530443345672, 0.22098291
551, 5979.52, 0.03797646580904526, 0.22130243
552, 5989.76, 0.03800762718463379, 0.22099745
553, 6000.0, 0.03803878856022233, 0.22223751
554, 6010.24, 0.03806994993581087, 0.22172897
555, 6020.48, 0.0381011113113994, 0.22145666
556, 6030.72, 0.038132272686987934, 0.22165468
557, 6040.96, 0.03816343406257647, 0.22122267
558, 6051.2, 0.038194595438165, 0.22182237
559, 6061.440000000001, 0.03822575681375353, 0.22262329
560, 6071.68, 0.03825691818934207, 0.22226487
561, 6081.92, 0.038288079564930605, 0.22157739
562, 6092.16, 0.03831924094051913, 0.22160941
563, 6102.4, 0.038350402316107673, 0.21990341
564, 6112.64, 0.0383815636916962, 0.22054829
565, 6122.88, 0.038412725067284735, 0.2216804
566, 6133.12, 0.03844388644287328, 0.22047488
567, 6143.36, 0.038475047818461804, 0.22179212
568, 6153.6, 0.03850620919405034, 0.22063513
569, 6163.84, 0.03853737056963887, 0.22108617
570, 6174.08, 0.03856853194522741, 0.22117156
571, 6184.32, 0.03859969332081594, 0.22085175
572, 6194.56, 0.03863085469640448, 0.2199326
573, 6204.8, 0.03866201607199301, 0.22065313
574, 6215.04, 0.03869317744758154, 0.22018324
575, 6225.28, 0.038724338823170085, 0.22046179
576, 6235.52, 0.03875550019875861, 0.21908528
577, 6245.76, 0.038786661574347146, 0.2199699
578, 6256.0, 0.03881782294993568, 0.21987307
579, 6266.24, 0.03884898432552422, 0.21931718
580, 6276.480000000001, 0.03888014570111276, 0.21965411
581, 6286.72, 0.03891130707670128, 0.21939522
582, 6296.96, 0.03894246845228982, 0.22001532
583, 6307.2, 0.038973629827878366, 0.21853395
584, 6317.44, 0.039004791203466886, 0.21933962
585, 6327.6799999999985, 0.03903595257905542, 0.21916017
586, 6337.92, 0.03906711395464395, 0.21965678
587, 6348.16, 0.039098275330232496, 0.21953182
588, 6358.4000000000015, 0.039129436705821016, 0.21831585
589, 6368.64, 0.03916059808140957, 0.21818776
590, 6378.88, 0.039191759456998085, 0.21837977
591, 6389.12, 0.03922292083258663, 0.21742025
592, 6399.36, 0.03925408220817515, 0.21808189
593, 6409.5999999999985, 0.039285243583763695, 0.21784727
594, 6419.839999999998, 0.03931640495935222, 0.21770814
595, 6430.08, 0.03934756633494076, 0.21727987
596, 6440.3200000000015, 0.0393787277105293, 0.21709211
597, 6450.56, 0.03940988908611783, 0.21724889
598, 6460.8, 0.039441050461706366, 0.21731019
599, 6471.04, 0.0394722118372949, 0.21755898
600, 6481.28, 0.039503373212883434, 0.216648
601, 6491.52, 0.03953453458847197, 0.21752647
602, 6501.759999999998, 0.0395656959640605, 0.21678939999999997
603, 6512.0, 0.03959685733964903, 0.21642916
604, 6522.240000000002, 0.03962801871523758, 0.21643405
605, 6532.480000000001, 0.039659180090826106, 0.21687686
606, 6542.72, 0.03969034146641464, 0.21591544
607, 6552.96, 0.03972150284200317, 0.21631925
608, 6563.2, 0.039752664217591716, 0.21567176
609, 6573.44, 0.039783825593180236, 0.21581399999999998
610, 6583.6799999999985, 0.039814986968768784, 0.21572997
611, 6593.92, 0.03984614834435729, 0.21581575
612, 6604.160000000002, 0.03987730971994584, 0.21575756
613, 6614.4000000000015, 0.03990847109553438, 0.21531379
614, 6624.64, 0.039939632471122914, 0.21517517
615, 6634.88, 0.039970793846711435, 0.21426831
616, 6645.12, 0.04000195522229998, 0.21562704
617, 6655.36, 0.04003311659788851, 0.21463855
618, 6665.5999999999985, 0.04006427797347704, 0.21531236
619, 6675.84, 0.04009543934906559, 0.21410199
620, 6686.08, 0.04012660072465411, 0.21469899999999997
621, 6696.3200000000015, 0.040157762100242654, 0.21503873
622, 6706.56, 0.04018892347583117, 0.21315777
623, 6716.8, 0.040220084851419716, 0.21439613
624, 6727.04, 0.04025124622700825, 0.21303527
625, 6737.28, 0.040282407602596784, 0.21237673
